1000116
1001846
1002071
1004812
1005723
1006695
1006729
1007889
1007982
1008088
1008124
1008999
1009149
1009196
1009520
1010192
1010379
1011207
1011385
1011992
1013506
1014310
1014374
1014715
1014771
1015500
1017093
1019069
1019600
1020325
1020532
1020771
1021253
1022087
1022341
1022579
1022586
1022939
1023519
1023524
1023608
1023958
1024137
1024713
1024754
1024889
1025272
1025330
1025656
1025717
1026028
1026321
1026607
1026619
1027266
1027501
1027567
1027641
1027665
1027886
1028083
1028930
1029569
1029882
1030062
1030176
1030250
1030757
1031040
1031227
1031483
1032164
1033818
1034559
1036056
1036147
1036306
1038036
1038055
1041151
1041681
1041760
1042145
1042806
1043069
1043337
1044591
1044792
1046288
1046500
1046963
1048812
1048864
1050353
1050451
1051036
1051048
1051170
1052310
1052369
1052544
1052575
1052877
1053017
1054138
1054344
1054397
1055039
1055197
1055580
1055805
1055864
1056590
1056911
1057001
1057105
1057447
1057539
1057809
1058684
1060441
1060775
1061097
1061927
1061973
1062002
1062567
1063192
1063632
1064456
1065296
1066286
1066511
1067056
1067418
1068094
1068478
1071050
1071455
1071578
1071805
1072431
1073621
1073882
1074939
1076447
1076482
1076826
1077268
1078636
1078648
1079155
1080154
1080180
1080591
1080934
1081212
1082291
1083016
1083796
1084080
1084351
1084761
1084883
1085437
1085508
1085582
1086927
1086973
1087229
1087576
1087830
1088025
1088473
1089030
1089250
1089507
1089682
1091073
1092395
1092931
1093029
1093649
1093850
1094060
1094457
1094514
1094725
1095171
1096192
1096562
1097602
1097866
1098281
1098603
1099454
1099896
1100989
1101181
1101310
1101954
1102048
1102287
1102331
1103077
1103614
1104080
1106143
1106848
1106962
1107500
1108557
1108899
1109268
1109491
1110804
1111749
1112083
1112394
1112514
1114087
1116198
1116625
1117380
1117410
1117425
1118663
1118711
1119511
1119850
1119901
1120540
1121225
1121596
1122231
1124125
1124383
1124467
1126152
1126216
1126346
1126563
1127078
1127198
1127330
1127516
1130709
1130732
1131200
1132749
1133817
1135833
1137462
1137523
1137763
1137822
1138270
1138309
1138534
1139521
1139789
1140688
1140831
1140974
1141073
1141487
1141705
1142559
1142566
1143913
1144261
1144710
1144725
1145171
1145598
1146242
1146767
1146800
1148078
1148304
1148929
1149309
1149360
1149907
1151358
1151605
1152676
1152755
1153378
1154055
1154644
1155067
1155502
1156278
1156619
1157898
1158457
1158951
1159444
1159770
1161426
1162447
1163467
1163885
1165973
1166878
1167136
1168585
1168658
1169407
1169481
1170518
1170845
1171157
1171248
1171447
1171471
1172098
1172409
1173060
1173537
1173742
1174240
1174868
1175955
1177267
1177912
1178301
1181867
1181995
1182015
1182311
1182561
1182631
1183281
1184969
1185117
1185152
1186917
1187072
1187701
1187735
1188493
1189000
1189384
1189760
1190521
1191406
1191515
1192051
1192425
1193087
1193430
1193916
1194023
1194510
1195070
1195685
1197646
1198132
1198567
1199170
1199421
1199722
1199971
1200059
1200862
1201068
1201345
1202855
1203113
1203475
1203820
1205007
1205225
1205379
1205959
1206550
1206642
1206992
1207380
1208453
1208783
1208891
1208931
1209279
1210380
1210633
1211348
1211497
1212385
1212539
1212674
1214343
1214377
1216258
1216314
1216523
1216540
1216661
1216772
1219831
1219938
1220045
1220201
1220690
1220711
1221412
1221962
1222840
1223573
1224100
1224346
1224380
1225005
1225348
1226041
1226604
1227404
1228142
1228309
1228830
1229568
1231164
1231494
1233228
1236183
1236580
1236773
1238524
1238865
1239365
1239781
1240098
1241163
1241374
1241821
1242477
1242767
1243132
1243522
1244459
1246320
1246553
1247401
1248763
1249221
1249491
1250629
1250805
1250831
1251335
1252173
1252377
1252672
1253544
1254150
1254168
1254819
1254836
1255211
1255226
1256305
1256609
1258157
1258988
1259059
1259265
1260053
1260901
1260922
1260980
1260999
1261008
1261082
1262314
1262943
1262950
1262977
1263161
1263853
1263958
1263983
1264238
1264269
1264596
1265046
1266520
1266931
1267472
1267823
1270058
1270699
1270973
1271473
1273595
1275438
1275563
1276180
1276319
1276460
1276753
1277450
1277778
1278231
1279130
1279732
1281869
1282073
1282346
1283244
1283707
1284113
1284650
1286309
1286896
1287742
1287756
1289551
1289746
1290042
1290763
1291063
1291834
1292286
1292843
1293093
1293488
1293842
1294033
1294739
1295942
1296051
1297396
1297466
1298249
1298390
1298458
1299083
1299498
1299742
1300400
1300715
1301631
1301924
1302329
1302485
1303322
1303474
1303731
1304007
1304834
1306350
1306797
1307903
1307956
1308032
1308261
1308308
1308553
1309355
1310002
1310317
1311268
1311723
1311779
1312368
1313583
1314011
1314289
1314791
1315579
1316357
1317882
1319849
1320217
1320245
1320366
1320529
1321772
1322358
1322454
1326993
1327242
1327915
1327947
1328325
1328733
1329196
1329350
1330290
1330349
1331213
1331316
1332322
1332740
1332829
1334079
1336138
1336750
1337293
1337457
1337667
1337904
1338160
1339379
1339845
1339920
1340134
1340243
1340620
1340932
1341639
1342099
1342811
1344470
1344619
1345044
1345394
1345890
1346171
1346617
1347053
1349614
1352261
1352881
1352951
1353230
1353319
1353390
1353684
1353917
1354353
1354485
1354652
1354676
1354748
1354867
1356179
1356330
1356761
1356789
1358173
1358278
1359006
1359298
1359452
1359696
1359794
1359980
1360569
1360695
1360989
1361088
1361310
1361417
1361597
1362019
1362800
1362845
1363785
1364373
1364385
1364642
1365384
1365465
1366678
1366774
1366996
1368921
1369189
1370617
1371137
1371484
1372163
1372802
1372843
1374679
1374830
1375436
1375490
1376932
1378031
1378135
1378390
1379060
1379200
1379252
1381973
1383585
1383683
1385815
1385989
1386766
1386839
1386843
1388191
1388804
1388873
1389157
1389420
1389717
1391224
1392031
1392587
1393058
1393371
1393973
1394417
1394452
1394843
1395253
1395698
1395851
1396376
1396481
1396554
1396805
1396942
1397201
1397246
1397964
1398145
1398268
1398865
1401412
1401680
1402208
1403530
1404911
1404997
1405808
1406662
1406999
1407087
1407209
1407427
1407707
1407801
1409385
1409516
1409844
1410042
1410182
1410341
1410652
1410921
1411090
1411129
1411908
1412922
1413017
1413149
1413343
1413441
1414169
1416960
1417080
1417844
1418882
1419405
1419918
1420640
1420849
1421132
1421513
1421749
1422102
1422371
1422667
1422725
1423426
1424353
1424392
1424451
1424485
1425675
1426521
1426568
1426691
1427313
1427909
1428775
1428931
1429172
1429575
1431181
1431310
1432203
1433546
1433903
1434789
1435052
1435339
1436529
1436738
1437446
1437768
1438087
1438462
1439712
1439829
1440573
1440660
1441001
1441362
1441521
1442296
1442426
1443541
1443570
1443601
1443654
1443742
1443973
1444037
1444708
1444816
1444868
1446095
1446670
1447222
1447986
1450553
1451337
1451939
1453502
1453539
1453844
1453914
1454823
1454925
1454991
1455438
1455474
1456574
1458136
1458509
1458685
1458696
1458922
1459488
1460642
1461470
1463600
1465223
1465298
1466066
1466288
1466561
1466768
1467011
1467308
1467836
1467863
1468126
1468938
1469238
1469242
1470796
1471161
1471239
1471853
1472017
1474097
1474289
1474423
1474541
1475074
1475427
1476242
1476402
1476573
1476799
1478420
1479383
1480649
1481206
1481311
1483647
1483740
1483958
1484504
1485642
1485992
1486028
1487271
1490474
1490590
1492013
1492207
1492691
1492761
1493401
1493862
1495060
1495184
1495836
1495890
1496283
1497747
1498114
1498562
1498596
1498861
1499629
1499910
1500796
1500938
1502810
1502869
1503029
1503070
1503092
1504200
1504498
1504848
1507372
1507483
1507847
1509206
1509375
1510005
1510510
1510525
1510569
1511618
1511839
1513068
1513220
1513718
1513879
1513974
1514638
1514883
1515104
1515663
1515783
1516060
1516654
1516725
1517033
1517169
1517990
1518038
1519469
1520832
1522030
1522062
1523748
1524040
1524180
1524952
1525544
1525816
1526142
1526169
1526214
1526623
1527315
1528158
1528247
1528300
1529817
1530042
1530283
1530337
1530485
1531778
1532325
1534795
1534849
1535925
1537351
1537717
1537992
1538792
1538945
1539139
1539756
1540181
1541849
1541885
1542010
1542564
1543250
1543764
1544063
1544357
1546339
1546395
1546492
1546931
1547084
1547197
1547910
1548150
1548570
1548855
1549113
1550096
1550189
1551113
1551249
1551976
1552420
1552745
1553174
1553517
1553605
1554246
1554648
1555654
1555742
1556091
1556404
1557172
1557391
1558072
1558495
1558530
1558834
1558982
1560047
1561095
1561472
1562678
1562949
1563218
1563348
1564689
1564899
1565192
1565549
1566809
1566897
1567888
1568213
1568254
1568923
1569264
1569771
1570690
1571044
1571228
1571514
1571553
1574202
1574250
1575695
1576649
1577370
1578071
1578292
1578623
1579022
1579140
1579349
1579717
1579745
1580090
1580611
1582319
1582602
1582788
1582847
1583308
1584597
1585413
1585552
1585623
1585955
1586016
1586259
1586522
1586730
1587368
1587681
1587690
1588837
1588888
1589306
1589707
1589854
1590032
1590060
1590635
1591505
1592071
1592125
1592612
1594463
1596684
1597675
1598913
1598980
1599406
1599414
1599874
1599891
1600860
1602870
1603232
1603451
1603736
1604218
1604381
1604525
1604714
1605342
1605771
1606849
1607588
1608126
1608317
1609971
1610680
1611878
1612534
1613550
1614956
1615555
1616866
1618417
1618511
1618597
1618708
1620095
1620653
1621085
1621128
1621536
1621712
1622093
1622732
1622783
1623107
1623231
1623759
1624009
1624382
1624756
1624881
1624951
1627602
1627668
1628603
1628789
1628937
1629191
1629214
1630257
1630766
1630839
1631169
1631528
1631631
1631907
1632038
1632449
1633456
1633983
1633997
1634817
1634893
1635255
1636280
1637077
1637730
1638498
1639458
1639621
1640182
1640939
1641210
1641274
1643222
1643267
1643986
1645455
1645637
1646221
1646442
1647466
1648154
1648458
1649308
1651011
1651881
1653019
1654590
1654911
1655324
1655372
1655706
1656877
1657297
1659459
1659466
1659700
1659793
1660024
1660269
1660852
1661543
1661674
1662503
1663308
1663479
1663541
1663951
1664148
1665169
1665435
1666424
1667222
1668666
1668723
1669689
1671616
1672099
1672112
1672164
1672272
1673229
1673593
1674089
1675097
1676693
1677136
1677493
1678701
1679749
1679864
1680422
1683204
1684115
1685036
1685291
1686022
1686067
1686123
1687049
1687399
1688034
1688775
1689212
1690167
1690833
1691070
1691124
1691223
1693419
1694078
1694811
1695957
1696139
1696252
1696308
1698370
1699117
1699243
1699829
1701889
1702298
1703856
1703887
1703891
1704517
1704896
1705095
1705535
1705578
1706049
1706786
1706958
1707078
1707516
1707539
1708677
1708820
1708993
1709276
1709464
1709667
1709680
1710248
1710415
1711350
1711453
1711998
1712239
1712378
1712615
1713531
1716156
1717009
1717177
1717904
1718126
1718345
1718704
1718749
1718785
1719170
1720574
1721298
1722129
1722357
1722364
1723629
1724105
1724385
1725709
1726962
1727103
1727750
1728042
1728108
1728540
1728676
1729764
1729932
1730294
1730857
1731837
1731892
1731997
1732151
1732201
1732582
1733070
1733088
1733452
1733673
1733901
1733999
1735430
1737285
1737458
1737866
1738568
1738937
1739981
1740384
1741347
1741464
1741654
1741725
1743153
1743609
1743971
1744572
1744841
1745262
1746428
1746575
1746967
1747341
1747427
1747505
1747564
1748191
1748589
1748972
1749001
1749290
1749717
1750450
1750799
1751281
1751717
1751745
1752808
1753423
1753537
1753680
1754511
1754558
1754747
1754946
1756259
1756300
1756749
1756969
1757127
1757515
1757594
1758018
1758100
1758757
1758983
1759540
1759579
1760228
1760293
1760366
1760680
1761091
1761370
1761564
1763642
1763914
1764599
1765487
1765633
1766639
1767165
1767767
1769437
1769690
1771716
1774530
1774799
1775112
1775521
1776061
1776149
1776321
1776508
1776923
1777762
1778699
1782078
1782164
1782219
1784488
1784711
1785083
1785855
1786003
1786634
1787387
1787802
1788386
1788504
1788573
1790545
1790936
1793411
1793616
1794108
1794427
1794496
1794939
1795845
1795959
1796224
1796471
1796494
1796752
1798185
1800027
1800666
1800892
1802396
1805592
1805654
1805703
1807369
1808504
1809109
1809158
1809637
1810163
1811033
1811288
1811360
1811827
1811885
1812003
1812087
1812586
1812748
1813161
1813723
1813798
1814416
1814443
1814915
1815408
1816061
1816441
1817670
1819101
1819432
1820468
1820573
1820876
1821001
1821013
1821198
1821691
1821826
1823075
1823150
1823382
1824850
1824946
1825401
1825605
1825679
1826084
1826144
1826727
1826925
1827076
1827709
1828814
1829226
1829451
1829707
1830150
1831473
1833123
1834925
1835202
1835239
1836390
1836677
1837908
1837966
1838493
1839278
1840082
1840972
1841328
1842026
1842699
1843319
1843591
1843741
1844736
1845274
1845626
1846248
1846482
1846745
1847030
1847145
1847399
1847469
1847519
1847524
1848437
1848931
1851223
1852024
1852238
1853247
1853956
1855017
1856261
1856646
1856930
1857702
1858087
1858171
1858977
1859239
1859615
1859633
1859870
1860095
1860300
1861705
1863913
1864097
1864195
1864738
1865211
1865822
1866203
1867086
1869623
1870327
1871838
1872322
1872814
1872865
1873010
1873232
1873977
1874737
1875434
1875526
1878002
1883093
1883377
1884358
1885208
1886932
1887318
1889102
1890429
1890437
1890566
1890648
1891315
1891537
1892111
1892796
1893210
1893256
1893291
1894524
1895012
1896212
1896802
1897388
1897968
1898191
1898229
1898605
1898768
1899123
1899471
1900024
1900036
1900256
1901001
1901224
1901327
1901728
1902355
1903026
1903506
1904325
1905309
1906160
1907515
1907571
1907810
1908829
1909365
1909689
1911601
1912021
1912513
1912599
1912991
1913312
1914161
1914524
1914958
1915677
1916088
1916901
1917120
1917418
1918593
1918623
1918981
1919860
1921976
1922482
1923253
1924842
1924986
1925541
1926166
1926365
1926968
1927181
1927400
1928170
1928767
1929886
1929925
1930020
1930679
1931233
1931259
1931513
1931969
1932872
1933031
1933668
1934736
1935024
1935188
1936521
1936728
1936752
1937487
1938052
1938316
1938508
1938594
1938648
1938732
1938856
1939387
1940228
1941724
1941772
1941880
1942033
1943164
1944247
1944665
1945456
1946040
1946101
1946770
1946989
1947242
1947439
1948053
1948978
1949350
1949825
1950099
1950466
1950988
1951350
1951547
1952030
1952410
1952442
1952491
1952723
1952958
1952975
1953108
1953392
1953462
1954643
1954815
1955088
1955445
1955509
1955708
1958407
1958554
1959421
1959450
1959683
1959754
1961210
1961609
1962107
1962338
1962575
1962630
1963213
1964082
1964413
1966295
1966335
1966615
1967466
1968178
1969333
1970204
1970643
1971747
1971850
1972203
1973077
1973126
1973831
1974099
1974603
1975465
1975931
1976195
1976245
1976440
1977066
1977187
1977698
1979399
1979682
1979731
1980247
1980334
1980805
1981128
1981779
1982052
1982368
1982775
1983053
1983119
1983342
1984742
1984824
1985473
1985598
1986141
1986876
1987684
1988001
1988674
1989020
1990155
1990163
1990575
1991478
1991784
1993085
1993117
1993958
1994468
1994609
1995897
1996000
1996406
1996726
1997436
1997567
1997629
1997670
1997925
1998168
1999381
1999587
1999729
1999765
2000093
2001359
2002641
2003188
2003274
2006338
2006476
2007069
2007244
2007540
2007763
2008094
2008739
2009373
2010645
2010854
2011357
2011484
2012148
2012651
2014066
2014534
2016507
2016740
2017164
2017290
2017914
2018249
2021294
2021879
2022044
2022742
2022819
2023847
2023882
2023934
2024258
2025225
2025238
2025778
2026543
2028437
2028998
2029400
2031604
2032287
2033376
2033389
2033641
2033903
2034013
2034466
2034516
2035488
2035923
2036315
2036405
2037332
2038430
2038689
2038763
2038899
2039117
2042363
2042372
2042475
2042483
2042677
2043228
2043680
2045288
2045795
2046220
2046345
2046501
2046704
2046805
2046823
2046974
2047000
2047267
2048507
2048590
2049025
2049878
2050553
2050996
2051763
2052110
2053022
2053875
2055117
2055888
2056569
2056820
2057019
2057024
2057357
2057585
2057933
2058374
2060330
2060447
2060521
2062004
2062572
2064227
2064348
2065511
2066020
2066589
2066739
2066777
2067083
2067680
2068490
2068688
2068730
2070160
2071085
2071152
2071378
2071682
2072093
2072594
2073303
2074044
2074930
2075676
2075736
2075772
2076468
2076562
2078001
2078022
2078198
2078656
2078674
2078992
2079229
2080400
2080511
2081467
2081896
2081907
2082074
2082835
2083410
2083507
2083932
2084562
2085078
2085826
2086076
2086130
2087197
2087345
2087419
2087424
2088276
2088394
2088529
2089639
2089643
2090277
2090608
2090870
2091363
2091894
2092131
2092610
2092826
2093020
2093545
2093664
2096854
2099197
2099208
2099823
2100369
2100511
2100895
2101830
2102531
2103442
2104530
2105482
2106488
2106663
2107300
2107614
2108904
2109336
2109737
2111563
2112061
2112280
2113124
2115353
2115652
2116274
2116402
2116959
2117432
2119174
2120044
2122326
2122344
2122517
2122623
2122851
2123236
2123811
2123929
2124938
2125216
2125243
2125322
2125442
2126204
2126409
2126714
2127626
2128597
2128662
2129017
2130897
2131299
2131923
2134005
2134204
2134714
2136253
2136605
2137565
2138490
2138599
2138831
2139072
2140853
2141833
2141900
2142207
2142219
2142272
2142832
2142858
2143657
2145044
2145116
2145440
2145791
2146835
2147999
2148081
2148585
2149084
2149144
2149463
2150309
2150552
2150589
2150657
2150907
2151021
2151773
2152195
2152635
2153040
2153381
2154003
2154314
2155055
2155562
2156179
2156290
2156433
2156543
2156937
2157456
2158321
2158395
2158783
2159107
2159310
2159913
2160363
2163197
2163448
2165254
2165395
2167015
2167265
2168209
2168449
2168748
2169301
2169892
2170557
2171658
2171778
2171971
2172014
2174071
2174804
2174827
2175463
2175718
2176193
2176380
2176581
2177054
2177642
2177669
2177844
2178411
2178706
2179486
2179588
2179807
2179985
2180151
2180547
2181529
2182132
2182727
2182879
2183170
2183305
2183530
2183632
2184117
2184152
2184442
2186708
2188071
2188545
2190323
2190971
2191728
2191734
2191745
2192218
2192668
2192808
2194651
2194685
2195288
2195640
2196805
2197162
2197350
2197508
2197940
2197957
2198027
2198284
2198705
2199147
2199968
2200376
2200393
2200481
2200653
2200956
2201837
2202441
2202891
2202940
2203119
2203526
2203544
2203895
2204009
2204333
2205171
2205878
2206683
2206852
2207064
2207363
2207894
2209528
2210355
2211526
2211560
2211649
2211794
2212562
2213084
2214022
2214471
2214595
2214638
2215151
2215957
2217500
2218995
2219030
2219295
2219829
2220157
2221515
2222548
2222705
2222983
2223418
2223661
2224101
2224976
2225526
2226332
2226768
2227032
2227996
2228068
2228490
2228688
2228903
2229242
2229683
2231477
2231530
2231660
2231933
2232338
2232978
2234292
2234413
2234552
2234919
2235490
2236888
2237471
2237858
2237906
2237929
2238031
2239293
2239371
2240630
2241094
2241229
2241326
2241716
2242069
2242505
2242781
2242813
2243189
2244421
2245140
2246130
2247247
2247345
2247407
2248725
2248791
2248819
2249146
2251079
2251180
2251706
2252362
2252568
2254052
2254127
2254254
2254395
2255009
2256341
2256418
2257172
2257673
2257922
2258165
2258778
2259472
2259864
2260593
2261077
2261084
2261407
2262116
2263122
2263976
2264159
2264353
2264801
2265129
2265238
2266046
2266318
2267491
2268118
2269070
2269163
2269802
2269821
2270582
2270619
2271116
2271588
2271824
2273048
2273551
2273767
2274608
2274853
2276434
2276544
2278631
2279941
2280024
2280081
2280439
2280626
2280754
2281385
2282510
2282591
2283217
2283890
2283951
2284922
2285206
2285795
2285896
2286126
2286578
2287162
2287607
2287842
2289693
2289921
2291211
2291939
2292885
2292919
2293255
2293290
2295216
2295239
2295403
2296199
2296602
2297153
2298006
2299624
2299690
2299810
2300187
2302276
2304042
2304835
2304899
2305153
2305340
2305626
2305722
2305735
2305893
2306164
2306482
2306953
2307865
2307926
2309029
2309733
2310189
2310354
2310410
2310620
2310944
2311833
2312236
2312304
2312373
2312860
2313253
2313311
2313375
2313664
2314414
2314453
2314842
2315678
2317509
2318340
2318477
2319481
2320429
2321184
2321863
2322796
2323701
2323722
2324193
2325668
2325677
2326387
2326696
2326999
2327628
2327693
2328292
2328605
2329761
2329906
2332483
2333333
2334526
2335015
2335631
2337093
2337520
2337797
2338740
2338870
2340458
2342562
2343448
2343535
2344013
2344198
2344362
2345758
2347237
2347265
2347534
2348341
2348707
2348719
2349367
2349926
2350840
2352453
2352986
2353417
2354097
2355056
2355091
2355283
2355449
2355540
2355781
2356063
2356994
2357444
2358415
2358965
2358988
2359605
2359657
2360310
2360651
2362921
2364081
2364735
2364834
2365897
2366672
2367334
2367653
2368228
2368245
2368464
2372589
2372679
2373687
2374050
2374463
2375216
2375243
2375295
2375335
2375410
2376199
2376695
2377876
2378119
2379017
2379162
2380502
2380728
2381533
2381655
2382176
2382284
2383427
2384218
2384706
2385685
2386589
2387060
2387382
2387742
2388762
2389876
2390056
2390337
2390365
2390693
2391379
2391644
2392155
2393017
2393437
2393619
2393874
2394015
2395039
2396239
2396410
2396491
2396870
2397105
2397897
2398079
2398483
2398714
2398820
2400809
2401350
2401406
2401559
2402779
2403977
2404497
2404859
2404917
2406919
2408578
2408879
2409443
2409611
2409701
2409908
2410440
2410537
2410949
2410951
2411056
2411564
2412873
2413385
2413543
2414109
2414183
2414233
2416621
2416753
2417340
2418088
2418821
2420376
2420419
2420938
2420987
2421295
2421829
2422343
2423387
2423434
2423509
2424359
2424366
2424863
2425306
2425600
2425617
2425652
2427695
2429008
2429206
2429288
2429332
2429623
2429963
2430980
2431066
2431698
2431830
2432147
2432226
2432275
2432329
2432496
2433354
2434256
2434626
2435131
2435941
2436034
2436045
2436624
2437039
2437215
2437328
2438217
2438553
2438996
2439296
2440598
2440813
2441754
2441893
2442014
2443758
2443998
2444576
2444605
2444612
2447112
2447140
2447433
2447674
2448101
2448483
2449667
2450052
2450222
2450838
2451973
2452805
2453312
2453530
2456901
2457087
2457115
2457337
2458191
2458435
2458849
2458936
2459207
2459965
2460477
2460800
2460852
2461304
2461674
2461809
2461941
2462146
2463044
2463177
2463973
2464627
2465187
2465552
2465896
2465963
2466158
2466361
2466554
2467979
2468134
2468221
2468380
2468975
2469171
2470997
2471005
2471098
2471324
2471355
2472502
2473270
2473679
2474940
2475143
2475347
2475863
2476306
2477172
2477461
2477630
2477673
2477839
2478048
2478722
2479266
2479328
2479345
2479670
2479727
2479857
2480059
2480125
2480375
2481220
2481749
2481898
2482541
2482930
2482985
2483199
2484365
2485416
2485596
2485746
2486219
2487519
2487671
2487682
2487888
2488343
2489119
2489476
2489583
2489627
2490684
2490808
2490945
2491092
2494349
2494385
2494826
2494937
2494965
2495052
2495280
2495406
2496083
2496359
2497545
2497907
2498755
2498902
2499346
2499666
2500870
2500911
2501154
2501458
2501538
2503561
2504149
2504395
2505710
2505824
2506133
2506430
2506878
2506943
2507685
2507821
2509749
2509805
2509991
2510205
2512003
2512074
2512899
2513491
2514055
2514609
2515811
2515897
2515953
2516923
2517259
2518032
2518083
2518807
2520504
2520780
2520971
2521728
2522086
2522475
2522928
2523382
2523514
2524065
2524092
2525206
2525253
2525750
2526481
2526599
2527222
2527998
2528216
2528456
2528932
2528983
2529056
2529736
2530738
2531275
2531968
2532229
2532534
2533219
2533420
2533970
2534294
2534641
2534749
2534785
2537780
2538041
2538560
2539267
2540721
2540862
2541050
2541812
2541991
2542293
2542699
2545137
2545340
2545800
2545959
2546035
2546046
2547161
2547829
2549685
2550285
2551240
2551374
2552225
2552982
2553021
2553823
2554198
2554466
2555395
2558025
2558194
2558297
2558707
2559380
2560043
2560653
2561469
2561615
2561837
2562571
2563092
2563511
2563759
2564245
2564667
2564742
2565159
2565867
2566137
2566530
2566697
2567296
2567934
2568761
2568844
2570046
2570112
2570318
2570420
2570970
2571201
2571986
2572548
2572572
2572712
2573968
2574023
2574227
2577200
2577228
2577245
2577308
2577431
2577541
2577863
2577904
2579137
2580025
2580038
2580260
2581735
2582231
2582913
2583810
2584593
2584972
2585158
2585266
2585345
2585376
2586027
2586354
2586438
2586524
2587674
2588706
2589097
2589252
2589333
2590278
2591333
2591756
2591791
2591863
2591930
2592039
2592095
2592334
2592730
2592823
2593225
2593778
2594892
2595146
2595684
2595765
2596618
2597341
2597392
2597652
2597763
2597835
2597899
2597977
2599255
2599373
2599625
2600340
2600585
2600683
2600735
2601054
2601494
2601595
2601914
2602900
2603791
2604212
2604560
2605446
2605480
2606352
2606688
2606991
2607488
2607711
2608221
2608367
2608757
2609042
2609314
2609634
2609707
2609781
2610547
2611289
2611962
2614870
2615432
2615483
2616839
2617880
2618454
2618679
2618743
2619224
2619362
2619860
2620085
2620161
2620378
2620659
2621023
2621086
2621324
2621483
2622078
2622897
2623142
2623237
2623435
2623454
2624571
2624869
2624979
2625962
2625973
2626939
2626968
2627685
2628072
2628439
2628971
2629352
2629513
2629606
2630020
2631614
2631812
2632537
2632930
2633273
2633792
2634260
2634645
2635340
2636198
2636793
2637469
2637474
2637590
2640787
2640848
2641194
2641451
2642500
2642612
2645367
2645671
2645944
2646064
2647024
2647188
2647573
2647735
2647780
2647852
2648374
2648630
2649690
2650482
2650809
2651222
2652117
2652189
2652250
2652469
2652671
2652723
2653772
2653939
2654135
2654154
2654729
2655286
2656413
2657699
2657930
2658300
2658501
2658879
2659994
2661468
2661611
2661780
2662124
2662733
2663061
2663201
2663441
2663520
2664768
2664795
2665233
2665501
2665653
2665898
2666145
2666911
2667734
2667793
2667811
2668324
2668706
2669405
2670390
2670426
2671264
2671630
2672055
2672129
2673455
2674351
2675437
2675775
2675856
2675887
2675957
2676083
2676261
2676440
2676699
2677309
2677480
2678226
2678232
2678600
2679491
2680393
2680424
2680535
2680730
2681555
2681705
2682222
2683452
2685586
2686504
2686596
2687154
2687180
2687285
2687324
2687336
2687917
2688482
2689326
2690369
2690575
2690954
2691311
2691517
2691896
2692370
2693295
2694188
2695610
2695761
2696061
2696492
2696520
2696533
2697002
2697247
2698011
2698026
2698195
2698680
2699262
2700252
2700431
2701260
2702499
2702885
2703164
2703595
2704361
2704393
2704455
2704554
2705049
2706882
2707019
2707274
2707626
2708434
2710019
2710024
2711281
2712199
2712753
2714172
2715082
2715593
2715679
2717465
2718239
2718740
2719801
2720782
2721698
2721885
2721948
2723322
2725290
2726222
2726624
2727334
2727472
2728394
2729900
2730659
2730926
2731677
2732349
2732858
2732953
2733008
2733156
2733702
2734624
2735918
2735951
2736451
2738530
2738562
2739160
2739266
2739389
2739580
2740638
2741414
2742027
2742491
2742997
2743370
2744737
2744859
2745053
2745212
2746214
2749238
2749611
2751966
2752231
2753076
2754138
2755840
2756620
2756909
2757304
2757415
2757674
2758230
2758510
2758770
2759985
2760299
2761366
2761855
2762259
2762580
2762692
2763153
2764268
2764301
2765587
2765621
2766338
2766374
2767473
2767763
2768679
2768924
2769022
2769207
2769459
2770020
2770103
2770623
2770804
2771132
2771864
2772405
2772872
2774370
2774755
2775274
2776131
2776318
2776327
2776482
2776953
2777030
2777062
2777216
2777829
2778783
2778923
2779092
2779954
2780023
2781417
2781575
2781978
2782055
2782861
2782908
2782933
2783095
2786083
2786252
2786315
2786541
2786592
2788010
2788258
2788427
2788496
2788736
2788748
2789519
2790567
2790614
2791474
2792222
2793088
2793257
2793895
2794150
2795003
2795579
2795763
2795916
2796063
2796305
2796746
2796915
2797064
2797788
2797952
2798844
2799702
2800005
2800677
2801119
2801461
2801662
2801821
2801895
2802504
2802800
2804179
2805515
2805709
2806506
2807454
2807862
2808427
2808531
2808950
2811021
2811043
2811111
2811424
2812044
2813040
2813574
2813833
2813866
2814353
2814822
2815644
2818624
2818690
2818923
2819452
2819802
2820813
2821055
2821675
2821971
2822575
2822685
2822759
2822843
2823235
2823566
2824103
2824191
2824413
2824422
2824664
2824716
2824990
2825183
2825463
2825857
2826322
2827776
2827858
2828737
2828820
2829646
2829996
2830045
2830052
2830744
2830869
2831366
2831635
2831699
2832614
2833137
2833402
2833484
2833735
2833845
2834367
2834798
2835409
2835538
2837579
2837755
2838686
2839179
2839236
2839642
2839860
2840629
2840730
2841301
2842607
2843511
2843558
2844026
2845473
2846312
2846416
2847307
2847390
2847866
2849094
2849125
2849360
2850092
2850720
2850978
2851358
2851657
2851743
2852056
2852171
2852275
2852462
2854129
2854398
2854722
2855105
2855179
2855263
2855272
2855929
2856368
2857050
2857095
2857132
2857637
2857670
2857942
2858498
2858588
2858667
2859458
2859639
2859650
2859934
2860100
2862140
2862638
2862728
2863214
2863383
2863851
2863885
2864000
2865083
2865394
2865824
2866003
2866297
2866451
2866645
2866854
2867342
2867627
2867630
2867662
2868530
2868551
2868632
2869077
2869389
2870876
2872788
2873440
2874356
2875138
2876021
2876991
2877566
2877690
2877709
2878221
2880498
2880646
2881314
2881353
2881579
2881693
2882270
2882344
2883826
2884247
2886273
2886336
2887585
2887658
2888532
2889302
2889395
2890811
2891905
2893087
2893485
2894204
2894372
2894411
2896631
2896679
2899256
2899876
2901137
2901225
2902759
2902946
2903350
2904138
2904397
2905317
2906487
2906865
2907988
2908497
2908569
2908961
2909742
2909791
2909855
2909973
2910373
2911104
2911151
2912049
2913531
2913880
2913995
2914497
2914503
2915231
2915342
2916326
2916981
2917293
2917613
2918580
2919504
2921155
2922072
2922767
2923641
2923785
2924263
2924516
2925052
2925280
2926217
2926333
2927066
2929027
2929682
2929764
2929806
2931243
2931731
2932856
2933417
2933715
2933759
2933913
2934168
2935485
2936063
2938717
2938875
2941121
2942334
2942424
2942455
2942751
2942773
2943106
2944346
2944682
2944764
2945355
2945706
2946850
2947693
2948015
2948422
2948612
2949112
2949550
2950256
2950287
2950947
2950959
2951941
2952251
2952483
2952574
2952833
2953366
2953514
2953678
2954190
2955008
2955033
2955265
2955478
2956050
2956407
2956424
2956730
2958277
2958367
2959226
2960412
2961306
2961781
2962253
2962467
2962517
2962561
2962605
2963186
2963610
2963875
2964109
2964111
2964215
2964389
2964796
2964857
2964938
2965705
2965806
2966057
2966178
2966409
2967203
2967386
2967754
2967959
2969648
2969887
2970257
2971206
2971435
2971517
2972038
2972341
2973764
2973829
2974072
2974225
2974274
2975577
2975595
2976130
2976339
2976582
2976607
2976709
2976979
2978819
2980145
2980221
2980438
2980572
2980712
2981900
2981917
2982281
2982304
2982789
2982875
2983657
2983739
2984089
2984278
2984437
2984547
2984964
2985060
2985423
2987356
2987696
2988549
2989535
2989670
2990311
2990640
2991002
2991126
2991522
2991704
2992486
2992872
2992904
2993372
2993510
2993650
2994258
2994707
2994867
2995527
2996207
2996318
2996914
2997425
2998299
2998465
2999489
3000844
3001052
3002085
3003943
3004820
3004952
3005387
3006907
3006990
3008220
3008294
3008376
3009767
3010486
3010703
3011645
3012517
3013186
3015694
3015909
3016146
3016432
3017238
3018493
3018604
3019246
3019619
3020910
3021243
3021250
3021620
3022093
3022437
3022492
3022783
3022825
3023070
3024592
3024918
3025579
3026269
3026323
3026340
3029480
3029657
3029743
3030802
3030946
3031125
3031576
3031919
3033073
3033193
3033239
3033590
3033909
3034019
3034933
3036441
3036797
3037704
3038333
3038347
3039273
3040108
3040427
3041933
3042766
3043061
3043162
3043758
3046202
3047408
3047656
3048122
3048668
3048900
3049464
3049514
3050222
3050711
3052208
3052513
3052665
3054786
3055460
3056560
3056821
3057275
3057921
3058612
3058698
3059022
3059318
3059860
3059883
3060644
3060675
3061656
3062251
3062706
3063371
3064172
3064205
3064816
3065047
3065066
3065309
3065698
3066376
3066969
3067619
3068073
3068367
3068536
3068647
3068757
3069074
3069115
3070284
3070519
3070740
3071135
3072318
3072396
3072656
3074582
3074594
3074810
3075032
3075252
3075276
3075457
3076159
3076209
3076485
3076617
3078007
3078398
3078421
3078852
3080383
3080657
3080818
3081043
3081785
3082592
3082622
3083510
3083741
3084133
3084258
3084755
3085072
3085188
3085379
3085549
3086408
3086466
3087189
3087757
3088093
3088280
3088437
3088441
3090101
3090525
3090668
3091037
3093183
3093670
3094054
3095923
3096371
3096553
3096738
3096904
3097110
3099666
3101463
3101796
3101938
3102293
3102498
3102824
3103792
3104921
3104950
3105323
3105713
3106140
3106179
3107335
3108127
3108998
3109980
3110134
3110193
3110367
3112373
3112447
3113008
3113174
3114034
3114470
3114709
3115058
3115315
3116147
3116226
3118611
3118722
3119220
3119266
3120254
3120672
3121382
3121836
3123585
3124100
3124786
3125180
3125444
3125770
3126124
3126400
3126445
3126532
3126575
3126821
3127258
3127306
3127878
3128528
3128896
3129281
3129642
3130660
3130746
3131447
3132460
3132650
3132820
3133405
3133951
3134417
3135138
3135214
3136463
3137437
3137690
3137709
3139634
3140770
3141172
3141342
3142443
3142484
3142549
3143016
3143021
3143376
3143389
3143796
3144330
3144929
3145508
3145655
3146529
3146680
3147467
3147664
3148337
3148462
3148748
3149378
3149659
3150606
3150629
3151145
3151438
3151456
3151837
3152488
3153662
3154097
3154431
3154601
3155194
3156269
3156421
3158179
3158832
3159082
3159358
3159739
3161187
3161397
3161593
3162341
3162462
3162600
3162719
3162921
3162977
3163536
3165272
3165610
3165789
3166624
3168234
3168320
3168537
3169113
3169146
3169230
3169765
3169871
3170366
3170479
3170836
3171755
3172066
3172103
3172454
3172593
3173471
3173937
3174220
3174641
3174727
3174969
3175221
3175865
3176587
3176695
3177312
3177357
3177549
3178029
3178303
3179246
3179874
3179986
3181803
3182410
3182581
3183579
3184348
3184542
3185041
3185148
3185223
3186082
3186480
3187486
3187565
3188002
3189632
3190719
3190984
3191915
3192124
3192673
3192782
3193093
3193441
3194237
3196145
3197022
3197603
3198122
3198348
3198945
3200354
3203686
3203721
3203739
3204196
3204508
3204663
3205541
3205890
3207014
3207240
3207461
3208192
3209068
3209084
3209665
3209773
3210006
3211896
3212496
3213926
3214585
3215362
3215717
3215728
3217175
3217419
3218102
3218738
3218949
3219230
3219770
3220055
3220861
3221459
3222900
3224298
3224325
3224400
3225332
3226259
3226704
3227222
3227414
3227681
3229689
3229916
3230026
3230479
3230996
3231523
3232169
3233123
3233494
3234021
3234522
3235030
3237063
3237767
3237817
3238006
3238895
3239000
3239162
3239377
3239406
3239470
3240326
3240480
3240896
3241436
3242217
3242654
3242807
3242855
3243928
3244353
3244598
3244846
3244880
3245007
3245063
3246318
3246717
3247096
3247202
3247870
3249279
3249558
3251181
3251391
3252800
3252817
3253300
3254263
3254362
3254482
3255488
3255690
3255940
3256394
3256457
3256565
3256699
3257517
3257640
3257955
3258314
3259250
3259474
3259491
3259608
3259740
3262061
3262533
3263279
3264184
3265661
3265846
3266072
3266137
3266402
3266701
3267023
3268179
3268875
3269265
3269478
3269795
3269955
3270207
3271173
3271235
3271566
3271655
3273854
3274497
3274643
3275428
3275946
3276739
3276981
3278016
3278688
3279443
3279468
3279530
3280329
3280365
3280523
3280564
3280719
3280939
3280984
3281504
3281780
3281971
3282041
3282092
3282526
3283017
3283964
3285021
3286548
3286829
3287054
3287131
3288390
3289359
3289537
3289742
3289836
3290045
3290213
3291333
3291787
3292513
3292614
3294030
3294975
3295227
3296310
3297388
3297496
3298657
3299494
3299761
3299988
3300361
3300606
3301161
3301301
3301335
3301620
3301647
3301712
3302061
3302185
3302825
3303771
3304245
3305074
3305496
3305505
3305755
3306141
3307668
3308937
3309500
3310336
3310363
3311124
3311223
3311627
3311673
3312114
3313361
3313481
3314046
3314236
3314577
3314625
3315797
3316506
3316678
3316951
3316985
3317094
3318430
3319030
3319176
3319694
3319958
3320351
3320521
3320543
3321429
3322268
3322456
3322671
3322837
3324483
3324497
3325065
3325148
3325662
3326082
3326253
3326326
3326332
3327150
3327245
3327423
3327537
3327807
3327951
3328317
3329024
3329114
3330108
3330921
3331780
3331889
3332391
3334110
3334138
3334253
3334605
3334721
3334851
3335376
3335670
3336764
3337550
3338871
3339011
3339026
3339058
3340544
3340816
3341309
3341698
3342244
3342719
3344153
3344291
3345112
3345281
3348060
3348234
3348613
3348791
3348824
3350051
3350277
3350438
3350764
3351079
3351348
3351355
3352198
3352281
3352471
3352595
3353528
3353686
3353702
3353716
3354127
3354343
3354648
3354663
3355553
3355646
3355680
3355703
3356211
3356736
3357279
3357286
3357325
3357630
3358527
3358828
3360015
3360454
3360851
3361546
3361840
3361987
3363458
3364258
3364676
3364846
3364995
3365364
3366482
3366776
3367620
3368395
3368810
3369532
3369575
3370173
3370732
3371333
3371588
3371951
3374134
3374814
3375057
3375146
3375249
3375411
3376088
3376759
3378229
3378422
3379539
3380269
3380994
3381988
3382363
3382556
3383635
3383654
3384136
3384489
3384597
3384759
3384967
3385174
3385664
3386077
3386455
3386773
3386987
3387453
3387465
3388487
3389025
3389689
3389822
3390457
3390622
3390985
3391540
3392896
3393415
3393577
3393610
3394317
3395620
3395659
3396012
3396285
3396650
3396770
3397450
3399280
3399624
3400238
3400800
3402753
3403168
3404107
3404223
3404342
3404489
3404673
3404901
3405047
3406077
3406670
3406910
3407280
3407395
3408456
3408563
3408892
3409370
3410000
3410093
3410118
3410842
3410923
3413036
3413443
3413908
3413971
3415012
3415859
3416124
3417297
3417449
3417579
3418561
3419255
3419752
3419809
3420563
3420671
3420786
3420829
3422207
3422521
3422826
3424343
3424986
3426275
3426617
3426634
3426950
3426984
3427298
3428137
3428165
3428256
3429050
3429567
3429903
3430169
3430270
3430818
3431567
3434108
3435386
3435817
3436752
3437134
3437301
3437731
3439088
3439155
3439583
3439802
3439816
3440184
3440457
3441025
3441182
3441485
3442413
3442422
3443067
3445189
3445313
3445335
3446815
3447416
3447562
3447876
3447920
3448843
3449619
3449912
3450349
3451299
3451384
3452216
3454882
3454894
3455696
3455895
3456059
3456401
3456777
3457026
3457756
3458158
3459081
3459170
3459800
3460166
3460226
3460388
3460867
3461114
3461644
3461971
3462136
3462286
3462338
3462356
3462558
3462839
3463465
3463492
3463508
3464214
3465328
3467691
3468167
3468542
3468976
3469150
3470319
3470381
3470820
3470989
3471310
3471476
3471526
3471759
3472780
3473580
3474844
3475213
3475246
3475515
3475607
3475663
3476431
3476807
3476930
3477309
3477589
3478171
3478365
3479216
3479469
3480554
3482278
3483092
3483212
3483696
3485586
3486331
3486713
3486920
3487363
3488875
3490119
3490452
3490532
3492462
3492634
3493442
3494114
3494611
3494817
3495198
3495219
3495965
3496607
3496869
3497084
3497317
3500023
3501445
3502153
3502658
3503522
3504001
3504447
3506009
3507015
3507657
3507862
3507972
3508283
3510237
3510873
3512234
3514404
3514505
3514984
3515165
3515398
3516687
3516914
3517128
3518104
3518395
3518465
3518624
3518998
3519417
3519560
3521421
3521468
3522816
3523162
3524187
3524401
3524422
3524561
3524936
3525259
3526615
3527656
3528064
3529083
3529276
3529541
3529613
3530488
3531150
3532665
3533800
3534004
3534469
3534647
3535064
3535639
3536387
3536935
3537025
3537182
3538008
3538777
3539988
3540294
3540991
3541322
3541731
3541798
3541837
3542267
3542488
3542594
3542726
3543310
3543356
3543369
3543901
3544011
3544570
3545133
3546036
3546477
3547363
3547525
3548001
3548471
3548793
3548826
3548860
3550240
3551066
3551253
3551397
3551545
3551972
3551981
3552634
3552755
3552968
3553313
3553367
3555466
3555516
3555656
3556979
3557535
3557879
3557942
3558276
3558498
3558537
3559251
3562568
3563467
3563576
3564607
3564810
3565121
3565177
3565234
3565320
3565635
3566283
3566496
3566724
3567369
3569259
3569670
3569938
3570072
3571603
3571809
3571965
3572005
3572497
3573289
3573394
3573541
3574029
3574148
3574298
3574662
3575326
3575413
3575739
3575963
3576183
3576271
3576606
3577488
3578380
3579074
3579846
3580412
3581209
3581586
3581645
3581916
3582358
3582589
3583988
3584247
3586833
3587055
3587596
3587644
3587920
3589196
3590080
3591690
3592620
3592671
3593166
3593427
3593600
3593693
3594409
3595240
3595511
3595696
3597060
3597371
3598513
3599357
3599834
3602428
3602733
3602766
3603377
3603520
3603681
3603709
3604047
3604309
3604446
3605578
3606027
3606378
3606888
3607123
3607568
3609382
3609405
3610157
3610385
3610691
3610875
3611566
3612403
3612581
3613523
3613880
3614510
3614684
3615163
3615342
3615843
3615946
3616576
3617787
3618472
3618805
3619971
3622416
3623282
3623554
3623823
3624669
3625488
3626289
3626553
3627138
3627332
3628147
3628801
3628943
3629403
3629410
3630111
3630282
3630419
3631243
3631277
3631295
3631487
3631814
3632104
3632594
3633041
3633338
3633649
3633884
3635365
3636611
3638067
3638330
3638717
3639229
3639375
3639605
3640130
3640267
3640368
3640891
3641588
3642481
3642614
3643274
3644926
3645296
3645639
3645668
3646387
3647074
3647835
3648214
3649272
3649603
3649687
3649875
3650019
3650291
3651248
3651700
3652483
3653083
3653168
3655383
3655401
3656043
3656879
3656991
3657343
3657732
3658096
3658944
3659451
3659719
3660541
3660791
3660918
3661781
3662332
3665712
3666307
3666765
3667817
3668240
3668387
3668417
3669508
3670223
3670369
3670766
3672512
3672801
3673536
3673853
3674683
3675078
3675219
3675290
3676377
3676520
3676607
3676979
3677472
3677704
3678347
3678565
3678570
3678756
3679204
3679227
3679483
3679866
3680378
3680442
3680620
3680694
3681227
3681409
3682054
3682123
3683721
3683955
3685464
3685565
3685570
3686159
3686283
3687747
3687954
3689352
3690008
3690534
3690623
3690919
3691043
3692371
3692836
3693556
3694069
3694430
3694943
3696516
3697027
3697581
3698045
3698246
3698636
3699006
3699461
3699946
3701654
3702840
3703817
3704892
3705005
3705569
3707341
3708082
3708270
3708401
3708552
3709179
3709272
3710512
3711106
3711238
3711982
3713196
3713547
3713726
3713869
3714413
3715812
3715910
3717179
3718086
3718820
3718928
3720743
3721220
3721704
3722848
3722904
3723336
3723871
3724108
3725225
3725701
3726433
3726502
3726789
3726988
3727399
3727524
3728838
3729766
3729839
3730336
3730729
3732129
3732585
3732845
3733095
3733704
3733730
3733831
3734502
3734516
3734811
3735923
3736725
3737008
3738984
3739694
3739892
3739983
3740274
3740364
3740754
3740994
3741224
3741466
3741734
3741789
3742023
3742324
3742390
3743787
3743962
3744240
3744509
3744708
3744839
3745206
3745739
3745862
3746077
3746095
3746910
3747028
3747076
3747267
3747437
3748202
3748666
3749496
3749921
3751159
3752605
3752955
3753123
3753349
3753603
3753700
3754016
3754345
3754629
3754704
3755399
3755960
3756363
3756792
3757170
3757562
3758088
3758136
3759492
3759533
3760752
3760844
3761343
3762189
3762474
3763038
3763404
3763564
3764135
3764372
3765231
3765400
3765662
3766174
3766332
3766401
3766561
3766981
3768160
3770317
3770670
3771295
3771694
3774184
3774371
3774996
3775707
3775880
3776364
3776722
3778272
3779777
3780532
3781375
3781576
3781721
3781827
3781936
3782314
3782370
3782427
3782755
3783779
3784019
3784658
3785459
3787197
3787271
3788083
3788742
3789012
3789556
3789847
3790608
3790837
3791040
3791057
3791952
3792263
3793169
3793326
3793623
3793739
3793990
3794316
3794760
3795529
3795553
3795592
3795890
3796091
3796341
3796418
3796449
3798114
3798287
3798701
3799578
3800107
3800868
3801071
3801237
3801885
3804778
3804966
3806350
3809348
3809411
3809639
3809952
3810220
3810942
3810969
3811456
3811647
3811932
3811960
3812316
3812470
3812663
3813014
3813374
3814514
3814592
3815038
3815209
3816527
3817556
3817792
3817900
3818752
3819265
3820168
3820347
3821042
3822071
3823179
3823642
3824424
3824448
3824554
3825243
3825378
3826729
3827106
3827165
3828511
3828913
3829986
3831076
3831709
3832608
3832983
3833283
3833645
3833781
3834808
3834815
3834833
3834866
3835298
3836033
3837083
3837710
3837904
3838389
3838554
3838567
3838805
3839055
3840018
3840354
3840806
3842140
3842929
3843499
3843612
3843849
3844940
3845217
3845234
3845245
3845359
3845678
3846586
3846707
3846878
3847298
3848238
3848920
3849259
3849282
3849463
3849704
3849730
3849898
3850478
3850716
3851050
3852116
3852479
3852787
3854404
3855357
3855549
3855920
3856099
3856929
3857243
3857666
3857671
3858803
3858923
3859107
3859946
3860917
3861205
3861461
3862165
3862443
3862609
3864224
3865842
3866195
3866646
3867686
3868010
3868133
3868306
3869469
3869563
3869659
3869865
3870115
3871081
3871331
3871852
3872257
3872618
3872673
3872978
3873061
3873201
3873663
3874033
3874142
3874292
3876682
3877207
3877568
3877595
3878122
3878249
3878262
3879333
3879565
3880076
3880151
3881872
3882144
3883165
3883192
3883845
3884027
3884313
3885023
3885135
3886163
3886181
3887087
3887801
3888008
3888818
3889304
3889638
3889674
3890713
3890767
3890876
3891099
3891396
3892432
3892497
3892650
3892741
3893635
3893949
3894476
3895467
3895552
3896704
3898152
3898277
3898295
3898671
3899025
3899748
3900121
3900293
3900565
3900918
3901258
3901427
3901995
3902344
3902698
3903482
3904546
3904637
3906113
3906372
3907893
3907994
3908257
3909395
3909566
3909594
3909619
3910386
3915270
3915552
3916126
3916160
3916175
3916840
3917343
3917508
3917636
3918346
3919260
3919512
3921253
3921919
3923027
3923145
3923536
3924416
3924933
3925236
3925351
3926957
3926986
3927513
3928245
3928904
3929064
3929180
3929227
3930284
3930841
3930932
3931040
3931989
3932123
3932236
3932290
3932362
3932988
3933517
3936370
3937029
3937558
3938549
3939317
3939730
3940099
3940687
3941045
3942814
3944227
3945662
3945802
3946664
3947635
3947646
3948233
3948637
3949287
3950258
3952771
3952895
3953127
3954561
3955376
3955599
3955751
3956469
3956909
3956960
3958262
3958616
3958737
3958900
3960093
3960350
3961855
3962641
3962688
3962773
3963439
3963468
3964705
3964731
3965178
3965616
3966338
3966417
3966560
3966583
3967056
3967306
3967418
3967617
3969415
3969595
3970332
3971629
3972026
3972423
3973230
3974306
3974921
3976471
3977723
3978000
3978089
3979053
3979884
3979999
3981136
3981922
3982443
3982828
3982845
3983637
3983762
3984046
3984067
3984186
3984327
3984539
3985045
3985803
3986102
3986863
3987534
3987679
3987768
3988069
3989853
3989870
3990111
3990132
3990361
3990407
3991301
3991403
3991712
3994315
3994371
3994787
3994927
3995244
3997483
3998953
3999623
4000915
4001728
4002591
4003009
4003807
4004374
4004895
4005849
4008335
4009087
4009258
4010089
4010690
4011394
4011537
4011807
4011949
4012043
4013170
4013188
4013379
4013573
4013780
4014403
4014682
4014806
4014960
4015154
4017232
4017880
4018125
4018292
4018990
4019001
4019844
4019858
4020202
4020608
4020666
4021012
4021251
4022046
4022304
4022752
4023534
4024869
4026147
4027597
4028450
4029126
4029271
4030375
4030605
4031077
4031546
4033616
4033765
4034244
4034451
4034801
4035238
4036022
4036745
4036844
4038034
4040457
4040949
4041159
4041244
4041628
4042237
4042500
4043304
4043385
4043793
4045096
4045221
4047114
4047530
4047947
4047982
4048181
4048649
4048821
4049104
4049465
4050035
4050362
4050459
4051280
4051957
4052335
4053166
4053182
4053531
4053579
4054098
4054409
4054411
4054574
4054621
4054788
4055298
4055391
4055583
4055843
4056138
4056214
4056739
4057359
4057930
4058974
4059165
4059269
4059331
4059402
4059551
4059800
4060950
4062298
4062303
4062325
4063196
4065084
4065160
4065317
4066456
4067123
4067131
4067263
4067568
4067776
4068249
4068444
4070355
4070788
4071190
4071868
4073002
4074219
4075196
4075488
4075492
4075874
4076150
4077142
4077576
4077862
4079705
4079712
4079731
4081134
4083400
4083627
4084083
4084139
4085523
4085598
4085790
4086386
4086778
4087556
4087677
4088224
4089375
4089657
4089698
4090119
4090445
4090452
4090884
4091206
4092042
4092365
4092485
4093073
4095883
4096520
4097132
4097197
4097513
4097831
4098371
4098529
4098725
4098807
4099167
4099381
4099684
4100215
4100513
4101284
4101960
4102663
4103223
4103369
4103489
4103733
4104440
4104863
4105115
4105854
4105880
4106800
4108494
4109125
4109716
4110086
4110510
4110677
4110706
4111136
4111651
4111868
4112386
4112845
4112947
4113317
4113448
4113606
4113688
4113751
4114054
4114433
4115437
4115803
4115931
4117326
4117552
4117686
4117907
4118564
4119354
4119403
4119779
4120304
4120494
4121842
4122030
4122202
4122975
4123781
4123880
4124355
4124866
4125041
4125148
4125651
4125895
4126397
4126919
4127293
4128068
4128393
4129048
4130676
4130693
4131153
4131274
4132148
4132303
4132901
4133017
4133118
4133343
4134082
4134534
4135247
4135535
4136841
4137691
4137897
4138569
4139667
4139774
4140298
4141795
4141907
4142564
4142772
4142902
4143378
4143425
4143519
4143712
4143814
4143958
4144225
4145385
4145610
4145937
4146957
4146964
4147095
4147567
4148293
4148479
4148646
4149057
4149574
4149765
4150524
4150837
4150865
4150926
4151086
4151639
4152603
4154905
4155116
4155949
4156025
4156854
4157461
4157816
4157843
4157884
4158019
4158242
4158697
4159361
4159535
4159554
4160071
4160191
4161463
4162382
4162405
4162807
4163510
4163650
4163945
4164056
4164209
4165129
4165562
4166466
4167027
4167367
4167682
4167932
4167983
4168709
4168783
4169070
4169493
4170185
4170838
4170986
4172247
4172455
4172796
4173305
4173596
4173609
4173889
4175483
4175621
4175866
4175961
4176223
4176685
4176978
4177652
4177689
4179844
4180256
4180947
4181164
4181610
4181674
4182023
4184006
4185605
4185907
4186095
4186109
4186294
4188590
4189968
4190289
4192082
4192191
4192270
4194334
4194419
4194653
4194956
4195268
4195997
4196251
4196497
4196503
4197114
4197137
4198119
4198532
4198967
4199492
4199619
4199744
4200204
4200390
4200989
4201428
4201850
4202210
4206032
4206143
4206195
4206654
4206680
4206824
4206985
4207743
4208133
4209096
4210229
4211043
4211109
4212168
4212371
4212440
4214523
4214755
4215364
4215876
4216447
4218429
4219053
4219895
4220147
4220755
4221379
4221701
4222391
4223515
4223559
4223825
4224174
4226049
4226829
4227691
4227776
4227965
4228307
4228538
4228574
4228621
4229412
4229738
4229949
4230201
4230278
4230619
4231150
4231333
4232039
4232614
4232749
4233450
4233504
4233713
4233982
4234322
4234590
4235101
4235677
4236163
4236544
4236913
4237038
4237628
4237939
4238047
4238422
4239459
4240050
4240132
4240864
4242547
4243014
4243445
4243489
4243604
4244622
4244951
4245182
4245557
4245921
4247012
4248078
4248112
4248263
4248330
4248595
4249066
4250604
4250649
4251033
4251360
4251478
4251500
4251517
4251612
4251739
4251981
4252496
4253051
4253403
4254137
4254238
4254966
4256149
4256797
4256964
4260960
4261167
4261363
4261574
4262516
4262734
4263375
4263919
4264093
4265315
4265431
4265479
4266392
4266943
4267356
4269282
4269481
4269546
4270495
4270596
4271157
4272012
4272040
4272296
4272900
4272917
4273150
4273635
4274070
4274575
4275561
4275936
4275955
4275972
4276175
4276352
4276448
4278911
4279451
4280143
4280680
4280973
4281579
4282169
4283054
4283123
4283396
4283603
4283700
4283811
4283875
4284132
4284424
4284481
4284727
4287982
4288310
4288575
4288627
4288685
4289533
4289732
4291017
4291254
4291732
4291979
4292705
4293645
4294574
4294808
4295119
4296033
4296103
4296332
4297097
4297293
4297541
4297738
4297890
4298580
4299889
4300049
4300346
4300731
4301218
4301792
4303589
4303631
4303948
4304520
4304744
4305635
4305918
4306473
4306867
4307489
4307493
4309393
4309554
4310124
4310257
4310434
4310782
4310816
4310954
4311214
4312232
4312523
4312540
4312661
4312693
4313284
4313487
4314527
4315112
4315906
4317580
4319409
4320675
4321272
4322894
4323382
4323848
4324286
4324452
4327000
4328438
4328563
4329353
4329473
4329724
4330622
4330890
4331258
4331365
4331404
4332103
4334317
4334490
4334879
4335073
4335243
4335682
4336012
4336363
4336602
4336650
4336847
4337188
4337274
4337305
4337626
4337889
4339149
4339377
4340545
4340936
4341158
4341376
4341614
4341637
4341879
4344069
4344689
4345889
4347438
4347563
4348377
4348533
4348690
4349205
4349558
4350098
4350296
4350525
4350961
4351604
4352379
4352817
4353805
4355594
4355957
4356252
4356904
4357066
4357397
4357401
4357545
4357862
4358719
4359491
4360095
4360361
4360785
4361301
4361410
4361474
4361519
4362316
4362368
4362655
4362681
4362986
4363257
4363338
4363583
4363708
4364116
4364457
4364787
4367040
4367355
4367945
4368263
4368385
4369827
4370408
4370992
4371582
4371783
4371874
4371964
4373258
4373297
4375452
4375489
4376265
4377060
4377807
4378197
4378727
4379722
4380854
4380867
4381834
4382092
4382356
4382877
4383350
4383810
4384698
4385077
4385407
4385424
4386268
4386346
4386798
4386892
4387013
4387255
4388296
4388348
4388355
4389293
4389457
4389756
4390453
4390594
4391646
4392823
4393305
4393626
4393722
4395230
4395444
4395961
4396037
4396604
4398873
4400370
4400835
4401106
4402526
4403130
4403201
4403726
4405077
4405629
4405704
4405812
4406378
4406380
4406909
4407941
4408180
4408737
4409011
4409359
4409592
4409951
4409973
4410112
4411998
4412367
4413600
4414729
4415136
4415400
4415476
4415759
4416142
4416156
4417498
4417855
4417962
4418580
4418857
4419632
4419713
4420591
4420616
4421053
4421065
4421342
4421627
4422024
4422256
4422477
4425201
4426083
4426678
4427605
4427623
4427981
4428813
4429301
4429425
4429671
4430974
4431062
4431469
4431712
4432465
4432891
4433310
4433895
4434058
4434245
4434951
4435462
4435485
4436129
4436504
4436889
4437871
4438844
4439919
4440151
4440655
4440690
4441032
4441184
4441431
4441514
4441680
4442158
4442271
4442376
4442436
4444888
4445525
4445616
4446136
4447617
4448110
4448478
4449883
4450165
4450800
4451700
4452230
4452770
4452833
4453635
4453881
4455545
4456718
4457222
4457559
4457594
4457931
4458051
4458581
4458647
4459209
4459707
4460102
4460646
4462169
4462612
4462739
4462963
4464419
4464969
4465027
4465145
4465189
4465378
4465474
4465633
4466390
4466475
4467323
4467697
4467852
4467933
4468685
4470231
4471896
4472353
4472634
4473740
4473911
4473932
4474697
4476000
4476470
4476624
4477021
4477084
4477259
4477300
4477317
4477345
4477629
4477823
4478044
4479218
4479788
4479945
4480367
4480474
4480507
4480712
4480888
4481154
4482433
4482941
4483288
4483467
4484246
4485486
4487400
4487511
4487649
4488450
4489132
4489481
4489812
4490702
4490830
4491111
4491247
4493542
4493945
4494025
4494244
4495090
4495225
4495450
4495495
4495551
4496789
4496897
4497620
4498196
4498842
4499065
4499286
4499417
4499868
4500298
4500766
4500935
4502337
4502995
4503062
4503152
4503647
4504203
4504701
4505054
4505263
4505941
4506246
4506838
4507463
4507606
4507688
4508289
4508371
4509262
4509273
4509363
4509426
4509788
4510282
4510376
4510578
4510938
4511892
4511960
4512127
4512465
4513342
4513575
4513843
4515209
4515523
4515600
4516287
4517945
4518224
4519288
4520819
4520973
4521232
4521822
4521846
4521899
4522500
4522721
4523521
4523965
4524328
4524578
4524580
4526432
4526643
4527477
4527518
4527683
4527982
4528627
4528715
4529254
4529940
4530198
4531246
4531339
4531368
4531582
4531709
4532216
4534101
4534525
4535029
4537032
4537371
4537592
4537703
4537756
4538407
4539305
4539379
4539477
4540301
4540491
4540757
4541012
4541324
4541569
4541741
4543593
4543640
4543795
4543981
4544377
4544842
4545537
4545863
4546801
4546921
4547257
4548971
4549653
4549857
4549903
4550187
4550657
4551132
4551567
4551938
4552791
4553296
4553409
4553475
4553847
4554159
4555398
4556179
4556396
4556691
4556734
4557117
4557399
4558130
4558775
4558964
4559070
4559560
4559597
4561338
4561597
4561816
4562188
4562573
4563144
4563925
4563956
4564521
4565028
4565196
4566382
4566787
4567033
4567422
4567698
4567827
4568209
4568430
4568652
4568801
4568878
4568899
4568916
4569250
4569764
4569814
4571165
4571439
4572041
4572205
4572298
4572391
4572532
4573173
4573711
4574033
4574332
4574972
4575501
4575606
4575641
4575857
4577327
4578040
4578355
4578815
4580246
4580986
4580998
4581738
4582455
4582490
4583072
4583421
4584030
4584870
4585510
4585859
4586223
4586428
4586980
4587557
4587652
4588033
4588082
4588827
4590024
4590331
4591521
4591832
4592976
4593951
4594560
4595435
4595534
4595664
4596158
4597368
4597571
4598380
4598865
4599003
4599115
4599790
4600228
4601557
4603351
4604247
4604259
4605128
4605161
4605491
4605853
4605911
4606808
4607416
4608387
4609235
4609302
4609711
4609912
4610947
4611914
4612249
4613769
4614391
4614544
4614604
4615253
4615795
4616294
4616522
4618085
4618399
4618438
4618926
4620999
4621375
4621981
4622512
4623193
4623250
4623474
4623779
4624722
4626045
4626672
4626783
4626797
4627448
4627481
4627805
4627956
4628083
4628514
4628678
4629510
4630519
4630944
4631273
4631525
4631765
4631815
4631900
4633082
4634052
4634278
4635200
4635742
4636182
4636283
4636306
4636370
4637029
4637240
4637286
4637400
4637782
4637850
4638660
4638799
4639546
4639785
4640373
4640471
4640543
4641222
4641492
4642853
4643120
4643813
4644098
4644643
4645303
4645560
4645766
4645922
4646873
4647774
4648490
4649072
4649439
4649933
4650025
4651007
4651274
4651504
4651585
4652387
4652673
4652839
4652967
4653406
4655773
4655974
4656301
4656378
4656958
4657941
4658411
4658556
4659514
4659819
4660017
4660316
4660636
4661537
4662554
4662730
4663048
4663203
4663340
4663971
4664004
4664073
4664608
4665262
4665307
4666070
4666369
4666673
4667418
4668253
4668739
4669728
4671077
4671111
4671389
4671641
4672635
4672927
4672962
4673542
4674724
4675971
4676046
4676281
4677277
4677378
4677524
4677682
4677806
4677841
4678246
4678547
4678775
4679310
4679673
4679839
4680460
4680859
4680894
4681124
4682331
4682443
4682800
4682920
4682994
4683522
4683653
4686083
4686973
4687270
4687743
4689216
4690328
4690522
4690773
4691295
4691682
4692299
4692316
4693575
4694032
4694097
4694252
4694927
4695404
4695418
4695473
4695540
4696036
4696484
4696767
4697023
4697154
4699332
4699545
4700013
4700700
4700809
4701028
4701690
4702161
4703449
4704012
4704336
4705445
4705630
4705708
4705967
4706191
4706849
4706885
4708637
4708785
4709817
4709852
4710848
4710985
4711430
4711995
4712110
4712142
4712924
4713745
4714665
4714749
4714879
4715018
4716154
4716227
4716460
4716497
4717305
4717495
4717908
4718136
4718286
4718526
4718708
4719470
4719672
4720345
4722582
4722636
4722690
4722891
4723212
4724613
4724807
4725194
4726019
4726468
4727497
4727770
4727952
4728875
4728941
4729138
4729804
4730544
4731241
4731640
4732505
4732950
4733354
4733712
4734019
4735035
4735577
4735584
4736957
4737039
4737974
4738872
4739591
4740531
4740854
4740880
4740950
4741551
4741609
4741611
4741994
4742511
4742685
4743045
4743185
4743267
4743302
4743810
4744142
4744500
4744593
4744664
4745095
4745334
4747988
4748324
4748390
4748460
4748847
4749774
4750636
4750912
4750979
4751121
4751769
4753852
4754322
4754705
4755249
4755574
4755788
4757166
4757854
4757984
4758156
4758517
4758743
4758948
4760141
4761433
4762249
4762815
4762917
4764037
4764493
4764511
4764802
4765716
4766144
4766247
4766282
4767104
4767672
4767825
4767998
4768666
4768705
4769209
4769801
4769813
4769916
4769968
4770004
4770346
4771005
4771569
4773326
4773552
4774017
4774663
4774979
4775872
4776693
4777673
4777922
4779352
4779987
4782060
4782742
4783146
4783426
4785129
4786318
4786691
4788842
4788856
4788869
4790815
4791493
4791895
4792495
4792817
4793111
4793969
4794539
4796044
4796699
4797169
4797480
4797795
4797963
4798724
4798984
4801629
4801840
4802184
4802855
4803355
4805611
4805920
4806447
4806752
4806937
4806941
4808052
4808979
4809119
4810853
4811023
4811871
4811993
4813071
4813288
4813679
4814130
4814414
4814810
4815703
4816693
4817240
4817532
4819021
4819197
4819641
4820582
4820624
4825079
4825643
4825961
4826223
4826532
4828936
4830141
4830269
4830861
4831035
4832079
4832135
4832510
4832668
4832847
4833565
4834999
4836606
4837533
4837905
4838085
4839147
4839968
4840199
4840510
4840833
4840989
4841231
4841298
4841461
4842416
4843197
4843730
4844157
4845406
4845465
4845838
4845869
4845957
4846032
4846075
4846347
4847206
4847528
4847679
4847963
4848353
4848878
4848899
4848921
4849487
4850606
4850938
4851620
4852149
4852655
4852940
4853759
4854168
4854245
4855451
4857677
4857900
4858054
4858502
4858883
4859229
4859446
4859936
4860092
4860747
4860759
4861066
4861702
4862244
4862473
4862693
4862763
4863870
4864323
4864754
4864778
4865362
4866368
4866377
4867730
4868009
4868143
4868787
4869770
4870457
4870479
4870654
4870930
4871724
4871813
4872008
4872534
4872664
4872679
4873516
4873761
4874463
4874727
4875615
4875723
4876154
4876218
4877192
4878802
4878850
4879052
4880157
4880248
4882399
4882410
4883056
4883182
4883388
4883427
4885172
4885240
4885338
4885651
4885901
4885954
4888158
4888376
4888751
4889055
4890038
4890689
4892338
4892978
4893130
4893302
4893690
4893842
4893931
4894265
4894454
4895068
4895376
4896313
4898815
4899529
4899791
4900267
4900384
4900775
4901592
4901985
4901996
4902175
4902294
4902554
4903439
4904983
4905616
4907171
4907661
4908206
4908589
4908623
4908851
4909568
4909860
4911036
4911106
4911416
4911722
4913874
4913905
4914873
4915490
4916284
4917248
4918363
4918928
4919333
4919769
4920534
4921109
4921282
4921942
4922592
4922819
4923005
4924108
4924564
4924902
4925225
4925971
4926112
4926373
4926793
4926929
4926988
4928127
4929037
4931673
4931946
4932048
4932055
4932778
4933448
4933629
4935149
4935607
4935775
4936366
4937907
4938120
4938617
4938916
4939814
4939841
4940063
4940312
4940767
4940817
4941078
4941272
4941494
4941906
4942792
4943200
4943541
4944119
4944240
4944445
4945896
4948284
4948563
4950486
4951755
4952253
4952981
4953140
4953728
4953793
4953970
4954389
4954436
4954886
4955853
4956057
4956684
4957767
4957834
4957982
4958190
4959000
4960078
4960080
4960396
4961213
4961441
4963120
4963194
4963505
4964510
4964684
4964741
4965604
4965946
4966229
4966873
4968554
4969450
4970352
4970407
4970578
4971018
4971117
4971313
4971438
4971456
4971837
4972571
4972842
4972856
4973298
4973954
4973967
4974150
4974252
4974541
4974791
4976188
4976683
4976799
4977460
4977714
4978290
4978408
4979047
4979214
4979311
4979589
4979686
4980190
4980532
4980877
4981528
4982306
4982676
4982736
4984048
4985420
4985832
4986406
4988807
4988927
4989820
4990004
4991458
4991460
4991882
4993657
4994470
4995756
4995791
4996010
4996182
4996392
4996586
4996921
4997223
4997747
4999665
5000109
5000730
5001145
5001378
5001469
5001647
5002299
5002547
5002838
5003163
5003190
5003417
5003493
5003651
5004168
5004245
5004710
5005211
5006137
5006450
5006632
5006658
5007458
5007765
5008577
5009795
5011286
5011766
5012800
5013271
5013942
5014198
5015547
5016881
5016927
5017020
5017191
5017664
5018329
5018652
5018878
5019018
5019161
5019216
5019403
5020236
5020700
5021213
5022152
5023899
5024023
5024591
5025053
5026528
5026623
5026873
5026981
5027121
5028039
5029256
5029817
5029966
5030505
5031450
5032223
5032627
5032980
5033213
5033711
5033891
5034397
5035002
5035345
5035481
5035688
5037078
5038012
5041467
5041936
5041955
5042209
5042586
5042736
5043313
5043983
5044090
5044114
5044331
5045186
5045471
5046321
5046406
5046582
5048228
5048412
5048667
5049204
5049643
5050193
5051503
5052099
5052236
5052745
5053517
5054957
5054964
5055479
5055601
5057279
5057544
5057922
5058129
5058549
5058817
5059578
5060059
5060066
5060174
5060413
5060963
5061637
5062973
5063086
5063381
5063866
5064835
5065398
5065697
5066459
5066826
5067456
5068726
5069387
5070384
5070547
5070891
5071011
5071143
5071333
5072068
5074853
5075432
5075460
5075503
5075729
5075792
5075866
5076279
5076303
5077617
5080994
5083252
5084257
5084264
5084489
5084509
5084816
5085311
5085435
5086109
5086247
5086282
5087321
5088073
5089707
5089835
5089880
5091763
5091916
5092467
5093035
5093809
5093929
5094448
5095841
5096336
5096460
5096542
5096753
5098544
5098922
5099201
5100153
5100386
5100609
5101550
5102355
5103904
5104532
5104558
5105082
5106987
5108313
5108519
5108960
5109297
5109598
5110395
5111121
5111366
5111457
5111514
5112197
5112233
5112376
5113210
5114239
5114367
5114442
5115587
5115616
5116148
5116434
5116913
5117813
5118253
5118924
5118955
5119385
5119941
5120221
5120548
5121737
5122224
5122717
5122965
5122992
5123214
5123241
5123589
5124636
5124648
5124810
5125075
5125177
5126010
5126258
5126600
5126748
5126968
5127119
5127240
5127720
5128287
5128364
5129068
5129692
5130907
5131050
5131942
5131974
5132289
5132537
5133677
5134275
5134430
5134968
5135611
5135893
5136351
5137581
5137909
5138470
5140044
5141451
5141899
5142214
5142311
5142401
5142413
5142698
5143459
5144084
5144749
5146273
5146319
5147256
5147495
5148212
5149979
5150809
5151104
5151783
5152926
5153449
5153801
5155065
5156640
5157347
5158183
5158407
5158419
5159585
5159780
5161137
5161675
5161697
5162163
5162205
5162374
5162493
5165463
5165578
5166322
5166474
5167105
5167415
5167638
5168005
5168146
5169366
5169440
5169807
5170098
5170475
5171148
5171400
5171673
5173629
5174610
5174745
5176565
5177214
5179870
5179888
5180021
5180183
5181051
5182681
5182869
5184058
5184423
5185159
5185902
5187296
5188875
5189657
5189862
5190124
5190190
5190452
5190816
5192564
5192719
5193335
5193572
5193865
5194305
5194421
5194713
5194799
5195236
5196559
5196711
5196760
5197158
5197637
5197762
5198058
5198276
5198769
5199390
5200339
5201011
5201217
5201320
5201680
5201863
5202077
5202991
5203439
5203722
5203994
5206417
5207724
5207813
5208125
5209687
5209941
5210388
5210902
5211331
5212029
5212231
5212279
5212338
5212526
5213278
5213655
5214110
5214467
5214873
5215513
5215730
5215773
5216062
5216367
5216380
5217236
5217669
5218542
5220804
5221271
5221796
5221925
5224676
5225658
5227096
5227161
5227277
5228246
5229006
5230012
5230113
5230180
5231461
5232036
5233481
5233599
5233629
5233910
5235130
5235648
5235726
5236102
5236371
5236613
5236819
5237020
5237552
5237640
5238564
5241123
5241281
5241408
5241482
5241584
5241832
5241883
5241941
5242023
5242372
5242409
5242483
5242569
5243200
5243774
5244181
5244978
5246641
5247726
5248997
5249531
5249586
5249693
5250710
5250930
5251038
5252071
5252265
5252375
5252478
5252605
5252804
5254095
5255615
5256005
5256204
5256993
5257799
5257994
5258417
5259810
5260078
5260351
5260656
5261045
5262301
5262354
5264064
5264928
5265119
5265489
5265733
5266422
5267168
5268805
5270126
5270513
5270727
5270730
5271712
5273445
5275133
5276527
5277023
5277432
5277695
5278164
5278745
5279561
5279593
5279721
5279907
5279948
5280922
5281467
5281702
5282370
5282418
5282921
5284845
5284893
5285318
5285362
5286321
5287942
5287987
5288195
5288951
5289251
5289510
5290666
5291296
5291820
5292131
5292351
5293138
5293500
5293545
5293907
5293981
5294196
5295097
5296120
5296772
5297946
5298596
5300941
5301045
5301104
5302096
5302474
5303473
5303676
5304381
5305310
5305434
5306686
5307769
5308419
5309357
5309852
5310541
5311531
5311899
5312020
5312896
5313385
5313970
5316324
5316542
5316591
5316866
5317780
5317994
5318029
5318715
5318901
5318935
5319339
5319869
5319979
5320898
5320938
5321284
5321378
5321909
5322089
5323369
5323583
5323759
5324200
5325772
5326072
5326305
5327204
5327503
5327770
5328304
5328642
5329631
5330029
5331094
5331191
5331206
5331561
5331750
5332652
5332781
5333694
5333932
5335164
5335669
5335992
5336465
5336681
5336744
5336838
5337361
5337376
5337578
5337910
5338622
5338951
5340025
5340628
5341256
5342511
5343302
5343384
5343825
5343887
5344187
5344253
5344309
5344804
5345463
5345840
5345879
5345956
5346786
5347415
5348086
5348336
5348426
5349217
5349366
5349431
5349529
5351320
5351881
5351904
5353081
5353291
5353477
5354117
5354176
5354507
5354841
5354926
5355005
5355135
5355262
5355643
5356310
5356489
5356627
5356843
5356901
5357617
5357645
5358138
5358499
5358552
5358605
5358750
5358804
5359099
5360609
5360660
5360852
5361080
5361811
5363769
5363824
5364708
5365253
5365896
5366751
5370469
5370536
5371249
5371324
5371961
5372373
5372941
5373094
5374690
5375168
5375382
5375514
5375699
5376171
5376763
5377029
5377172
5377428
5377954
5378188
5379987
5380174
5380702
5381463
5382121
5383199
5383355
5383753
5383765
5384418
5384496
5384512
5385238
5386691
5386700
5386832
5387221
5387438
5388061
5388235
5388453
5389310
5390204
5390444
5390458
5390753
5391041
5391816
5391954
5392398
5393938
5394272
5394494
5394539
5394929
5395571
5396121
5396394
5397795
5398171
5399779
5400071
5401424
5402680
5403135
5403372
5403542
5403574
5404661
5404977
5405834
5405966
5406385
5407030
5407193
5408201
5408732
5410268
5410403
5410410
5410474
5410786
5411917
5412046
5412466
5412642
5412734
5412941
5413517
5415289
5415514
5415710
5415927
5417583
5417980
5418165
5418305
5418364
5419077
5419910
5420267
5421315
5421678
5421848
5421855
5422455
5422599
5423527
5423754
5424268
5424380
5424555
5424694
5424909
5424944
5425363
5426802
5427038
5427634
5427645
5428008
5428094
5428383
5428435
5428640
5428830
5429385
5429914
5430468
5431362
5433026
5433412
5434715
5434843
5435467
5435686
5437000
5437663
5437869
5437964
5438051
5439822
5439995
5440218
5440900
5441029
5441771
5442754
5443084
5443215
5444543
5444811
5445017
5445299
5445838
5447110
5447375
5447467
5449620
5450266
5450393
5450472
5450823
5451268
5451367
5451647
5451983
5452089
5452185
5452672
5453136
5453493
5453651
5453802
5454177
5454881
5455283
5455404
5455505
5457249
5458035
5459253
5459576
5460240
5461401
5461827
5463865
5464210
5465140
5466905
5467898
5467969
5468121
5468366
5469098
5469639
5469808
5470217
5470252
5471586
5472094
5472156
5472664
5472716
5473433
5473459
5473584
5473953
5474294
5474653
5474903
5475096
5475944
5476319
5476444
5476866
5476961
5477153
5477443
5477527
5477861
5478575
5479465
5479923
5482239
5482250
5482487
5482723
5483258
5483365
5483801
5484668
5485264
5485526
5485575
5487807
5488376
5488606
5489443
5490087
5490462
5490977
5492434
5492445
5492618
5492794
5493905
5494156
5494862
5495002
5496853
5497080
5497351
5497385
5498372
5498390
5498411
5499289
5500710
5501025
5501182
5502623
5503263
5503687
5504942
5505740
5506556
5506917
5507238
5507305
5508387
5509235
5509465
5509803
5509940
5510242
5511078
5511157
5511396
5511897
5512808
5513457
5514802
5515008
5516271
5516629
5517299
5517547
5517744
5519042
5519579
5520041
5520980
5522813
5523216
5524530
5525248
5526000
5526515
5526838
5530202
5530671
5531012
5531040
5531355
5531372
5531729
5531882
5533103
5533265
5534104
5534246
5535228
5536232
5536365
5536451
5540112
5540263
5540610
5541222
5541267
5541797
5541940
5542354
5542524
5542909
5543147
5543557
5544180
5544409
5544591
5545935
5546142
5546360
5546739
5546981
5547168
5547359
5547423
5547498
5547565
5547654
5548903
5549834
5550260
5550676
5551137
5551828
5551920
5552901
5553017
5553339
5553636
5553964
5554862
5555436
5556474
5558677
5560343
5560744
5560842
5560891
5561097
5561150
5561412
5562039
5562501
5562879
5563238
5563675
5563893
5565765
5566558
5566843
5567813
5568446
5569112
5569272
5569521
5569970
5570125
5570657
5570721
5570768
5570795
5572927
5573432
5573866
5573894
5574314
5574676
5574719
5575019
5575357
5575450
5575549
5575683
5576793
5577367
5577519
5577659
5578492
5579124
5579884
5581597
5581651
5582048
5583144
5583796
5584717
5585267
5586075
5586177
5586613
5586703
5587229
5587664
5588133
5588846
5588878
5590266
5590730
5592979
5593136
5593630
5594529
5594646
5594699
5594742
5594787
5595968
5596036
5596242
5597113
5598272
5598385
5598539
5599311
5599631
5600434
5600627
5601686
5602010
5602306
5602854
5602899
5603152
5603189
5603425
5603548
5603806
5603909
5604106
5604852
5604971
5605207
5605502
5605610
5606000
5606104
5606470
5606681
5606758
5606874
5607084
5607233
5608613
5608703
5610554
5610805
5611189
5611322
5611399
5612235
5613821
5615801
5616090
5616660
5617643
5617894
5619480
5620479
5621069
5621505
5621634
5622059
5622138
5622344
5622851
5623078
5623349
5623687
5624215
5626154
5626510
5628452
5628720
5629775
5629825
5630752
5630844
5631441
5631783
5632633
5634031
5634319
5634643
5634706
5635627
5635630
5635673
5635967
5635978
5636721
5637529
5637824
5639780
5640239
5640487
5640633
5641012
5641591
5642433
5642494
5643344
5643413
5643435
5644104
5644488
5645293
5645457
5648024
5648203
5649068
5649376
5651376
5651629
5651886
5652405
5652506
5652742
5652774
5653113
5653218
5653227
5654226
5654388
5655966
5656022
5656776
5656906
5657085
5657764
5658267
5659303
5659708
5659794
5660497
5660525
5660695
5661493
5663208
5663614
5663704
5663773
5664584
5666293
5667326
5668232
5668801
5669018
5669295
5670430
5670813
5671153
5671697
5672286
5672651
5672733
5672884
5673406
5673663
5673690
5673986
5675317
5675567
5676049
5676322
5677471
5677543
5677811
5678859
5679102
5680732
5680838
5681855
5682535
5683683
5683994
5684117
5685737
5686685
5687159
5687182
5687867
5688528
5688873
5689642
5690402
5690644
5691035
5691687
5692113
5692475
5692591
5692961
5693217
5693464
5693498
5696197
5696554
5696704
5696840
5697052
5697162
5697508
5698027
5698403
5698870
5699370
5699813
5700128
5700295
5700491
5700888
5702669
5702728
5704339
5704566
5704648
5704856
5705412
5705498
5706306
5706341
5706462
5707136
5707369
5708767
5708817
5709840
5710029
5710913
5711849
5712260
5712763
5712921
5713647
5716254
5716594
5717271
5717389
5718725
5718791
5718824
5719833
5720549
5721281
5721717
5722273
5722336
5722677
5722684
5723347
5723819
5723927
5724387
5724434
5724980
5725206
5725401
5725623
5725664
5727028
5727185
5727690
5728062
5728659
5729995
5730333
5730646
5731512
5731557
5731676
5732187
5732679
5732768
5732784
5733078
5733373
5733396
5733420
5736079
5736154
5740623
5740849
5741109
5741653
5742486
5743714
5743871
5744430
5744916
5745518
5746219
5747367
5747519
5748520
5748810
5748887
5748957
5749662
5750574
5751124
5751279
5751604
5752527
5752596
5753463
5753653
5753864
5754433
5754459
5754858
5755783
5756769
5757142
5757360
5758801
5758916
5759085
5759888
5760718
5760987
5762566
5762732
5762957
5763816
5764486
5764855
5765370
5766421
5766527
5766959
5767079
5767945
5768157
5769702
5769818
5769963
5770351
5771093
5771222
5771648
5771726
5771842
5772456
5772757
5774086
5774122
5774432
5774574
5774900
5775124
5775461
5775604
5775771
5776059
5776138
5776963
5777234
5777315
5777412
5777667
5778727
5779611
5779915
5780091
5781331
5782747
5783302
5783368
5783571
5783619
5783940
5784237
5784686
5785513
5787734
5788307
5788319
5790173
5790709
5792490
5792898
5792938
5793090
5793861
5794027
5795650
5797171
5797505
5797557
5798110
5798156
5798241
5798534
5798896
5799013
5800010
5800353
5800628
5800719
5801019
5801153
5801274
5801450
5803222
5803278
5803979
5805160
5805637
5806145
5809667
5809738
5810105
5810809
5811377
5813275
5813748
5814788
5815053
5815148
5815190
5816103
5816401
5816640
5816919
5817394
5817592
5817949
5818328
5818463
5818490
5818831
5818898
5819036
5819203
5819287
5819947
5820040
5820820
5821107
5821544
5822697
5822701
5823266
5823448
5823942
5825711
5826592
5826680
5827948
5828801
5829740
5829870
5832842
5832957
5833041
5833850
5837012
5837057
5837483
5838965
5839480
5840775
5841394
5841654
5842109
5842535
5843364
5844073
5844085
5844284
5844438
5844909
5846163
5846231
5846303
5846720
5846877
5849897
5850170
5850287
5850893
5851013
5851502
5851687
5852086
5852363
5853333
5853457
5853985
5854342
5854816
5855360
5855686
5856259
5856614
5857998
5858740
5859505
5859790
5860121
5860143
5860320
5860570
5863272
5863327
5864407
5865367
5866643
5867632
5868286
5868428
5869979
5870391
5870651
5871413
5871552
5871804
5871955
5872496
5872916
5873062
5873346
5873456
5873487
5873555
5874081
5875046
5875420
5875734
5875937
5875953
5876350
5876856
5876923
5877183
5877328
5879621
5879650
5880425
5881381
5881706
5881917
5881976
5882080
5882255
5883082
5883288
5884201
5884235
5884395
5885044
5886418
5887303
5887843
5889653
5889831
5894115
5894147
5894418
5894835
5895165
5896207
5897870
5898254
5901493
5901967
5902379
5902834
5902966
5903158
5903554
5903823
5904054
5904906
5905028
5905246
5905316
5905582
5905607
5905619
5905964
5906083
5906143
5906234
5906371
5906787
5907206
5907561
5907679
5908950
5909202
5909487
5910008
5911334
5911361
5911455
5911578
5911688
5912553
5912678
5912819
5912962
5913650
5913788
5914341
5914531
5915153
5916691
5916941
5917284
5917806
5918118
5919065
5919181
5920159
5922310
5922782
5923377
5923887
5923912
5923940
5924552
5924750
5925183
5926837
5926958
5926997
5927099
5927179
5927408
5928574
5929479
5929904
5930395
5930406
5931457
5931635
5932513
5932637
5932805
5933063
5933114
5933312
5933421
5934367
5934926
5935101
5935458
5935538
5935928
5936708
5937617
5939179
5939408
5940002
5940614
5941096
5941519
5941814
5942093
5942118
5942709
5942891
5944060
5944703
5945430
5946439
5947894
5948752
5948883
5949066
5949229
5950240
5950356
5950560
5951138
5951454
5951561
5952921
5952939
5953049
5953085
5953442
5953487
5954019
5955067
5955099
5956162
5956350
5956384
5956648
5957522
5957637
5958276
5958774
5958824
5959296
5961154
5961273
5962001
5962078
5962123
5962304
5962700
5962844
5964744
5965009
5965366
5965622
5966147
5966337
5966557
5967630
5968660
5968778
5969294
5970817
5971099
5971875
5972199
5972204
5972363
5974511
5974560
5975401
5976077
5977028
5977061
5978786
5979781
5981166
5981171
5982187
5982309
5982739
5982795
5986249
5986677
5987256
5987443
5988041
5988338
5988489
5988954
5990281
5992049
5992202
5992786
5993449
5993496
5994167
5994542
5994668
5994917
5995356
5995649
5995999
5996187
5999697
5999735
5999893
6000161
6000837
6001262
6001591
6001650
6001808
6002875
6003397
6004017
6005951
6007286
6007839
6008269
6009294
6009393
6009670
6013581
6014238
6014530
6014767
6016280
6016316
6016744
6016856
6018060
6018083
6019737
6019753
6019859
6020551
6020562
6021255
6021304
6021459
6021860
6022230
6022285
6022460
6022650
6023228
6023347
6023588
6024088
6024212
6024428
6024747
